9.29
10.01
9.59
9.46
9.62
10.12
9.85
8.79
8.97
7.26
6.65
6.09
6.95
8.21
8.58
8.16
7.32
8.08
7.57
7.91
7.69
7.46
7.11
6.88
6.62
7.36
7.37
7.49
7.79
8.03
8.98
8.79
9.17
9.9
8.44
8.15
8.19
7.69
8.39
9.51
11.41
11.94
11.62
11.11
11.1
8.66
9.07
8.18
8.29
9.07
8.42
9.67
9.39
11.07
10.58
11.33
8.34
9.74
9.94
10.03
8.71
9.06
8.39
8.91
10.54
11.35
10.1
11.11
11.68
12.46
12.17
11.8
12
12.52
12.49
12.6
13.7
13.09
12.61
12.4
12.22
12.64
12.71
12.04
11.73
10.34
11.29
15.16
13.37
11.73
11.29
13.07
14.76
15.74
14.36
15.49
19.58










16.55
17.01
17.72









20.07

19.24





16



17.22
15.74
15.49
15.74
14.19
15.48
14.88
14.5
14.78
12.91
12.01
11.99
11.82
